Santa
Claus
24899998
+542665001122
1
1
2 5 0
Robin
Williams
25002003
+54351772888
2
3
6 0 0
Lionel
Messi
40123546
+542664536271
3
2
3 6 19
Ignacio Joaquin
Fernandez
30987234
+542664532113
1
1
2 20 18
Jordi
Polliti Garcia
38876000
+59123421134
2
1
14 15 16
Jonathan
Calderon
34839482
+542664092113
3
2
2 21 20
Alexis
Ferreyra Paez
23454323
+542664123456
2
1
13 17 5
Francisco
Cordoba
75648281
+682104532413
1
1
7 6 5 
Ramiro
Thompson
64443541
+586430002113
2
1
8 9 3
Homero Roberto
Simpson
28765000
+052665030113
3
2
19 17 18
Bart
Simpson
49231456
+542664539999
3
2
20 4 5
Ivan
Vallejos
65748392
+542611221113
1
1
13 1 2
Carolina
Herrera Vakayoka
222444567
+583334516123
2
1
3 0 0
Marcelo Ricardo
Gallardo
31092018
+5431313131
3
2
9 1 2
Laura
Sosa
20999432
+555554532113
2
1
2 0 0
Gustavo 
Fernandez
25654321
+5426645343
1
1
22 0 0
Ignacio Franco
Scocco
32323265
+542620202013
2
1
3 2 0
Agustin
Fantasia Torrez
20000182
+988128833
3
2
5 0 0